function [x] = D_initialFun()
x = [0
5
10
12
0
23
18
9
0
0
5
10
8
0
21
8
8
0
0
5
8
12
0
21
12
9
0
0
12
5
6
0
23
4
12
0
0
5
10
12
0
23
18
9
0
0
5
10
6
0
10
21
9
0
0
11
31
21
0
13
7
3
0
0
11
15
14
0
13
4
3
0
0
13
21
15
0
13
4
3
0
0
13
13
8
0
13
8
3
0
0
11
31
21
0
13
7
3
0
0
11
13
21
0
13
7
3
0
0
4
24
9
0
13
21
14
0
0
6
18
16
0
8
13
12
0
0
6
18
5
0
2
17
12
0
0
4
31
9
0
2
7
21
0
0
4
24
9
0
13
21
14
0
0
4
8
9
0
13
13
14
0
0
12
24
21
0
14
13
12
0
0
12
12
12
0
12
12
12
0
0
21
2
9
0
14
8
12
0
0
4
24
8
0
14
3
12
0
0
12
24
21
0
14
13
12
0
0
12
12
2
0
14
18
12
0
0
23
41
21
0
5
3
3
0
0
23
41
21
0
5
3
3
0
0
23
41
21
0
5
3
3
0
0
23
21
3
0
5
5
1
0
0
23
41
21
0
5
3
3
0
0
19
13
16
0
5
3
11
0
];
end