function [x] = S_initialFun(N, K, U, T)
      
%x = poissrnd(17, N*K*U*T,1);

x = [20
0
24
12
8
5
18
19
25
9
19
29
13
14
23
31
7
12
23
0
19
13
7
6
0
0
0
9
6
5
4
23
1
12
7
0
18
0
5
16
0
0
31
12
4
15
0
8
8
9
21
6
8
0
12
0
19
0
0
0
12
12
14
0
0
8
0
0
0
0
0
0
12
5
8
25
12
8
8
8
8
1
0
9
12
0
9
12
0
0
];

end